$ANSIBLE_VAULT;1.1;AES256
65363061323739663138643232303530613033383264323662383737396365396135633664313831
6365626636316265656565343639656439333164623539610a666237626433616661623438643339
33623335316237386636373230373636343832346630656238396662383631613036376535346639
3261373832313265350a613564666665666561346536303066343033646436626434663231376662
34366335646537366563303863653866366438313830626362316132313835613962326536663738
37303738663830366636343938346133636166386131393862376132633831616334663864383765
65663863393064306335653539616463633439396261663764626166383432393936636363323436
64393862376136363637313361663132336561346438366232623532646465656164653936653865
32383466353730613037303062616231366233643733326662346131343137343637623838366331
66666162633966636235666138633433316239633932313234666333376530313337643834643830
30666430663739623533303633383031393465396332626163303539626532613431353663333731
65336431363431666437396663663534336232353239626334323138623761663263313636376235
66326565313838303435333832363865626261633636363338643239623365653735626539626436
35346630653235386435666136316537326564386236626133653263346262373339646437616264
64636561346133613163626337303131323265393162313030623431636137383537363133666532
31356438383539633339356663396539666332373430653765346566343432346364326462353435
34626237326463656630633534393436363566323635373837363034643931633561623932343762
61656232363133363062643464316263646265343366626239306233636632326332316130616166
34616330383265623137636634646330353137643339643838356530326436346438333364303835
30333435326163623035313633613132653630643434373964323336316635396366303732336134
32653039613265393833326433353538366662656664373166343533663565313537393538333435
35356366316131323662633661363965643532376235666162383934613638346336636539386433
31333363336630373039643134653539366630663265336665356530396536343837353264666666
34333337373136313861613636313634613266343930623264316336343335666337646238636131
65373864323963343262383137316362663834663565323738306666336662363566336632623762
31346235633166663938326364386632313161343762373139356439643533353561653732636666
30626633623165393833623932373232393439666535363038373430306634643137333663396533
63376234336136653238646435303838393561396133343962333866666261363463653832303361
33626234623136626462333331306163666666386366666461393632343533343630613131626661
61373339393565323337613732663464663964336665666666393737343733313331363631613031
65306135353531313563306364323562326333326632633365646537366633656566663664316239
39316631353239313664363461383663373064353061393033323038333239363261356266663732
32316365373331386133373664333136616665623434313961653464316238613534666364663537
34346666393635653331353037613436626165643233643337623232383562306466383134313633
32643039393430663232393766303337616634356135653166633136366662646662366435653266
64336333336265396337656365666165323231373332323234373064636266616134643538353539
37613162616535386435386133383961636263383336313436613363393661383562376464326361
38393533663339646363363965383933663961633538346639663761646661303963326530336232
66323034653739323261363139393532333033386464386633643966373131656661643163343934
30353236626436653832366339313065363765386537336366656562393865346331386564303063
36313963386530623434343061323661656339653937303338633632643036323230363564623333
34333936633533616638626663626634333964333465346532313039613537663164316266363633
64663635306637623137623831646636383562353532643161636430393439386237383165353133
32386430633965643361333737313264366234323865353038653561343336346235633566663738
61653135373833316362663761616230316530336132353266623436306461623236396436633133
61373838383939666566366131366464393633333032643732616339343366356561633935623336
66613664643639623361393937623662653363613565393838666632363663633961646433346536
66393239356266353231386462666166653033343036303961636530643563353365353637636432
63616338653866626366663832326637396432306536633535336366643162363965666662316464
61373937326463383364653532653261316139383665323832373261313437323561336238653365
35383535353237313738363334316663633335653432653266653434666361343764393434626439
39336630333038656664383935643164633537386139366537633439313436666664353233336336
66313630373361373639393238636133626161616232633665346238643233353466623366396433
34346636353533623666393538376330366338633730376365393336373237363539666539333265
35626638643138356666656430613765666161373338656630383239356266383162306334396364
66653633626566356139383165613433616264313763303161366666656631356333323065323539
64383737343866663434356331393164333530613738656265313333333438303836373933303935
36646133323230663332333366356265613633633032633763313063633263633534306463343166
36663338383439653931316566613332633134373766656639613433313863363661326263383638
30636439633462613039616561623530656238356466653630306165373664366235313435633432
33353163303634663739393066323230363531613365626330323032366266363833356533396135
30613637353431343462636364396633313535663165313462626534353231633466383964636364
62343333626261343465383839623431613837376234353635303837306433373232396261646339
39613033623064616462666438313066303530643534313563633534653631313532656438393734
61346264353163396363333835326366666330376537656231333834336334663234666232626231
63613830336334353463376332366338323165613266366339393539396637333764366333646636
61653437623038663861623836366538626561396166343635373339623638643261383463303539
65353961376431346633376434326563366136643666353866376236363866393638653265306562
34323665306439376631366630376432663264356465333533666237356234346134393561313330
35333365656535643563346532663732393730646635653261613437353638386163646130313639
31646561383339303261343037623734303437323263373334303965613939663865623536373862
31313764393330633164346465333438343062326663363861633661316666383163323934343962
37326161653464663165326637346563316637636437343666326135613036393461616434393033
31383764313833343235386264396538663563346562386637303563613263353363313362333431
33393432323061373939393034633431353337346537363264326130366166393037313935386130
62376535386163323839343839373366346533653832663634306466653834393430623936313261
66303031326337373830303765383866393135633133306465316331333939366462313631633736
65633131303262336264643165393131636565333336373436643633356532626438373336653130
35373437626630383961333766346234666231353338326632383033666166346264386633643534
39666338393363653939306139646635653735366463653738356337333537393462373063343037
32303262333930396337323666653131353862316433643232663730393935363463333830376262
34643061353732623832336238656539626563353036356337663461626365316631373834623966
36646231383030616533633330316165346635396336393163366166333939323164373932623732
62646330663332363464346438656138366437323165386633353836333365393565626630336633
31643466663463303338346531363236666662646635633661613834656536646438646161626434
64386639353135343335336435323233663835343263356133303563653231393733383038393366
30336234346535333538636265643465663239333239366136353164373161316132303665313464
65343833353766303535303631656162656234376530653461313537653935343632306232653537
37396464323064663230633262653763323635303136383231373839333864333631646232373165
65363632643238666132616337393766343266353638303839363536373438303336653565316163
64346566636562366531363738623438623162343933323135653037623934656532363037306461
39613665373963663863666437613762393662653834663131626534386565613335626232653138
31326663353434393562386163306663316462613461383363633666343630386364643862356130
38643036373561376539326539623761333235363266373639316338656264343666383839373635
63653439613638636331323163363438636534393062646665616535396364343966356365383961
63353238346335366464356236626631366630353865636233313236316164386136373434316332
32373231643064643564373964353437656234383131653937333735383236393436353065316161
37373134303961653461396332613862373963656639646336356539623863643934383033343461
34363264393235396435303538383934613562383934356439626537666262663066666432363436
34346237303236346166666638323537323234656230316565393464316434623033333031363732
31353536376235366239306435363439383631666630643065396261313261373732316130343163
39376263333662653136626330393936323566323334626561326534383139366639626434313235
34396531323763383061653931643261663362636430663363383163393165383764393832666338
62646365306539343962353434326632306538353234336535623734623161653134633535363033
31316362333634616332383435323336666362313232336230646231643932313962636461633939
63343966383531373438653034663938313066343038306365306662333830343039376563363062
30636535313535306464643932663464393831393937313664323263313837383537353434393932
38626131636336313333333764396632646561366639356163633530636635653161363335666137
61303234343661663837356432623232643662353935383062653864313761363530623264663734
37613266373037356635333834376239666332393335313539623064373131313935613236666466
61653735613236396432383632383031343762353638633434366664366635643137623963663934
39376161313362323833396564333065653133386366393737383164663663333038316235613436
39363439616631303937636464613937656562383636663332373035646561313166356637363832
37633863306630356139376439643839663332633763303632613562633839346662653531363861
65323138363864333361623132383564353230373333386235653361386231363737646463613565
39616237653531343930626462653864623534663239663066656436303535393132633637633765
36326535623830306330326464353864356363666565323564663732343062306561356233386661
61373635303535303934633337643231326535373832316631356132366133343131663233386335
66373066373539363666653734636434363665333834353265623763643231326462376636316533
38326534653338386334636637636462643930373036653465623237666562346438373133663232
35633838623536633437396239313762366634316336333336316265333763613635646535363235
64656233646435656666353836643637313965303464633163366664616565643561663764343932
32356664393165343764386135313332353639646366393566396231643835386634306437633130
62636666323663363837393132353031356635356262633164326666396632303330366639623334
66333062386639643038396335633030353266643165363631666630386134663366616635663331
36363861373930346232393934316238636339346461373135383465343438636362633861343339
38323538633534363561303738363839646132336532373766653633633737373139656532326135
37653739633136663032393136333335363762663939663362343934323430633034643830643531
62383033343466366263343239633736633536336139666431383735353062656431653233376338
65346133396538393038346461663166633261343866646433353131633161336263643261333039
38613137363963356634383639613332373665396337616264343238653264363666653338346234
37656362663765373030323131333537333265306232303337366562333164383639653338666435
33663566373639653539626536326436363765653263656266626362303033326137393432653138
35346139633839636536646630386330396663653635633062363165376235633937313933666337
64333366633931326263373338663461653138616464633961366530636232666266633066333530
33626462333565373031653034623864633766613830333861323732653466363037623233343866
37333432303863346439383932666133623636616465383835626134393365323661613335313034
32363161343936613533336331343530653139633533393365666566393333643737383064383632
64643664616565346136343734653932323435366331633036353035393839613232613065313161
32646132396662326230653739323835636563393432333862656632303138363334663666343666
31376262643131303437663035316635376331333738386664613036623338636131636234633232
33363263353766393563336636343531363162343536376235326435643831623263346334373836
33323036646630343231343661333635666461353534376137396237353364666634646466303534
31343035376433323232336338353665383139653233636532623631373362396661626331653232
32653065316138616365393035646661396164633462343464643766336435616665383162393432
35623235613564393638333462646231333664306661303430653762376437616432663039366536
38643866383666613534646337646537346633623762363064306538376536623938366639303465
63353738386230613730313032653336323534666631623639663539376262643633656163316431
31333530613563656164333637626366393038396161303238306364303032396465373766663766
31316664383463656535616631326332343637613564333539303633643035346536316532356663
65666131613266616362373930386336323437333035343532343834363432386466653631316363
64343663393765376130363835323565653364653033363732303039313164633636613239646530
64316162633237313136343630326230316165353863393732643163306533636361653064303361
61666465383139613961636236366634393536383565336564653933666236343030616230346464
35656538343162613333323730343435396136663836323933633661366539376138666237396163
61306461393766383032383933643038303664666165393032353961316435656336653832333165
63623361316234366231633662343934336165373765623666666261643437343335373764623863
39643836653036633861663836326166633532376562356637623338376266363633303366633363
37633834653864616163666637663138646237613261366166373237303637343839396131316561
62393064343464323432623530393564616130333935313432636538656435663131666235356333
32353665383136626533306465316633626466316334396533646266363331306461346532373431
34386330623736636563396434653130613536333333643132626430333435303630653937386565
37373536353865333235616334303234313862613837343434303638376261623665343437363730
62356266653034353237653766386163383864303764613631303963366438386638643032333665
30346665646665316666396264313130646166326638383632356132636465623733376666636365
37313731663039343930393164313464323336646639383566316365656639633763643263336563
62633065323638363538386339663636653838326535623966303737383933386437343063383333
37356136393737316139303738303836626538623762643138333139303032323964326636633138
62353435303133613634376133336561363865656630616166373331653463383230323863373039
37376331376437666461663634663663323733346637323834656139333738306562366361333463
37356133393735306337373332616331626130333664373063653564626136343036373031373266
38363764303961306562633233373731343332616430326166396135666634643435623633393936
66623930613663653638666139666566356434666664653561643731306638356565663932346565
31643532366637393731323532613538373565336130643162306662306436613033303562613130
38616334663338323265623565393239356137613037336663356134316166353031626637343335
36626530613830323038313936363830626231353066353532616163383537356239613334666434
61663363383536656662396366326133336639303638613932373230386439313236633333316266
33363665326565633266373866306237346361393734333761623332303234643063383162356333
36633831323736303630383336356238343532383139366230386363343732313237313032396561
32356561636530656161316234313835303964636263306435643563316235666230613036313534
38336531316336663763663431363530663261363734616433623561306630396166383066633363
37333563656431303437306465656661633833306136613236613130326337363535353238353939
38316239633333346363343635663636323934343731343261343532356637363037643734653331
39396131623062623861346131356334343964653839653338623464336662363738653430396639
31346633393735343332313530633533313233643461663463646434366466326532306534326135
65346632306162316539666464323861613831616531356334626636663434636536383132663137
30316465373861346263613439653631663537323639336562363232646436313833633735376562
32396437306163653266326165336265656562326338303731656332333461343237356464616565
63383062646665393236333535666463656266626532636335393966313231653564373464316265
35666330623437643933363066626363333731333063366663613063643934656534363937366363
38376461666666653232353931316337613661626264663432366435643337623730326433343939
65366534343566363832663139643035363135326135336336356461666231646562626631343135
37346263646630643066346364386238656132623838366233623135623966633535656235613331
39613161383933343733363835626431326536306563376438353332396139663136366331353533
38313230366361633263343462356237643265303766646132613363383766633736613838653838
62333464383036326634643864376136363336353562306632323432616563333038383337663366
63646165356338623939626534666131333666616463633736633230363338663636656661396266
35356336613136346539633937363637313630626263313233356461653733666632376532323732
61393438313930363239356331656464643762653262633539623962656233396332613761633034
32356266633035396534
