$ANSIBLE_VAULT;1.1;AES256
34643963306561336130333238643934326362613339646339373136313664313761313466623430
3462653836653230656138646234636232613535626665380a633665373030623363316139396535
38356635656231313236646533363035343134366335313765336162663962383533366631313237
6238303231653865360a306235666464383534356139626539343639316434383537393138643738
31363161373466346135613161393430636662346164643832343063613035623963353163303463
30393866646435646632626131653438623863346164613061363662326163663437386139663261
35616638323636613936316663393163623634623531346162643632623537636163653730613534
33353065373034386339323165373735383631363863343737373137363062376565663638313661
37323638366437333961666163633134623766613230353363333166303933363666363637373631
38306139333863653533323739346232613531323932653735396338306232636463336438396239
65643834373362343832373736353264353833343064373164336534626166316363613936393338
39313966323134653364373031396137313231333931393930393139353334353436343330633130
65313861353766653730653937633535323836333332356536616361353765393430353333313939
65633235396235303265633137646662326133373733303336346337616438313737393264393636
37303466363562626631616639356538613362646362316330613238613930623536636532346332
64313432323435316636333838316531313066646263656462313464373438653138396236373964
63313263306230646464346662343732376234626164373161643164626337303838303365306662
35663662343230383133303637643431656438356464316631323665386138383165623163336338
62616563323734653739333230393531383331613234646631383563373061326136396366326433
61323238316536663132666238623234646265316231393135613031376465376238386432663166
31396231373036336533373634616434616262393132383237366164623139356666383234653966
31323163393264613233313861316462333732336135306361653530656563663834356363313334
62356466333664323465396130646262353432633961396561343566376533373139643562386162
32363938346366313263333262353439666566653862666333616462313232376639613837303365
66373638313437383161343437383231303162643336336530613364313263643462643165643166
33343834363838623334303832346230643131393763663439323334653064393236666462313837
32306639336437653539346335663032623031333931383830393236376535303338643066336132
35383663646336633162343236623730666365376633306330393662323037666334633231333031
32396130343439636536313132336130376433306365663237613038363062663239363032623765
65383434353261643462333830396430613039616433313733656635636232666134643139613139
31366330373735313863343666383235633730653037666466633836383566643363653633613765
61303138323366656137613061373461333733373630393666356133373064383938613636353939
65623137333330636439326663373034326530323337396232313630303336373535656435386462
34353464636363396436623062316238316464663132336234613637373435633639323238353432
34383833316664643434663730336364343131396566356334343334343237626538626638663636
31623936353939353230666332373632643634323339383165366634313263316165383934376231
35663138316635333839373136303562316530306530663336623238646135313835643637373463
30386463323936633866623266346332623331666463393966623661333665333333306362333030
30333430323031393533396632313730386663623631323666323362386166366561363430636338
30643530393536663436386537666232303766333830393437613139643565626266643534393637
34656232633562346232313831376330353030336663396233393030636435646536313831613038
64623230663136316466333937623831353863343861663530353537393436306634353864326239
39383238636633373161326136633966623336306433326134386239356232656537623138373337
35396132316336376539343863323437623632663334623065393235663436666331646630383637
32613133643632316336376138616166333431623938616531643135323835656433353234346530
38303531383537373061333061646464373930653430333534626662666436313130663362373930
61613631356464366435343936376234336339383561316639656233343435343037343931666234
33613461613037633730376136623438643662633464373463393332356233623931393165383734
64663033303566613837313364336138363230366361636632623366336237316465376262383934
39633234383637396239316161643536653165666164343334653031316238346262366237353639
37366365376265636362393661333536303437623038313930353439303430393862336230313935
38323839366664636539383434353937326436353965613838383931353939633730653733653837
34353437623162613166353531656538393161373835626132316362386635353330376436666337
32366439343433623537326162383532376563666431323266353762303235363166626561663461
39643433393061626631333838656466363034363930666664383438393030326237303934373932
62366138376434346664323333396663363663666264303865333265643439313333643236373231
37666637303566643838636461343731353338653731343835666232316334396139393938326138
33656533393763366136346161656439316261356666363765393539333962356539323132353335
32363064336662363032623734373763343438306136363837313039393466646261383361616161
39643338643231326139616235313835346132613733366634366531333837653439636539663464
32643730306135623639373938323933623365666162306634393162313434613831313532643938
30666437363837316336636538393663653232663938613232346262636333643137633063653337
64386438313433306262666365313831653761666230363961346433633962383430646164643132
36656136643864353132353237343834666261313832303534666536626131656234383331336135
38663061616363363935643133333565353132616633313432333236663661343965663261343235
33333064373032323332326436316335373736653134333761393663663731313431363863356530
65306466313264663332633434386363363638613730613631303331646331623336663931356139
63333731373530373563643063623935666361663762303066356165353933306633666366396463
64323565336136626264333930383362373362626132303532656531626561303064643430663263
33323863633336346333303938326632626531643538613637643432623835616263363965353330
63643733356530333031643135303834313964613839383932383661363066353162366233623035
38356133303036393662646337666362313930353465333562316561386236303531376164333533
32653639363537333265663364656335383063666439333865356133633538653737646464663232
31306531363937656161333532356464613830646364306436663764383636653333633736353963
33323661643966363764313130623935316334363764346438326231633031636531303337613234
33656236323065343133333464393165633163323333356365333039666538643866633339663864
61373162376631336332643362333562316131396434303863363263653966366162653365356535
36636637653731343062653766616238613731336131633330313533633235333037366462613530
61376638623133363439666535396335336531636365303235623665323338323933656630306138
32356465356432326161343036363931306161613934616165623938356331636332303436646663
30376564326231393165363432383339646138326666383761316435623562666165333164393837
35363966333831323066326332366332316231653335353562383761633266343961666439393338
63616333363137656361303631373762656361373565366339336339613464643034373938653936
62313931346538646462333532353832366563656661386134626239376130623436373235663566
63643839393961376166636365613061376261616330326662656566393335393131623361336664
61633630383466366564366130393961326563353461343038636233663739616438373738326637
37613233636566316265353630333361633632386664653734633065316661666131306131383732
38663336316635363330353966396133336662623761643362626366623462373038346637366166
37613561636262373661633436323730636534326263653535393465383838313934316664363664
37396265306131336339386464303730663937386165346161363834383731323735316165383037
30353432643566303239613032353661343562313134623462393766356135343563306532383262
65366632346133623233353566343964643037326266643261376162373466663837303136613434
61303062653237353462386135343738633432623737383839663934353938363130623031633065
33306131346535643736616164643566656263656534616535326338663834383565363638346635
32656131326632613064613835616566643935626566313663353939323035623864313632316139
35323238383766376566313733343032666162346430346265333863626338616138343737333632
39363265326566383064613732326466313763376332343738363362643339383161643633623934
62343066636133653766373930636261636363643439326130313530306263633261376535376264
64303466623835616261383861623036316632303132653038653531333731623830356237343731
34333431616165643331373264356336623161646636623137386139356564393062353238383231
66303032376334613034356364623936363838636364383366363432376231383139373835626663
35626236396332623136343333663036363937346232303438373964643636663765656166353931
33633135626535633461306165353039336166666230353535646633323338366430373962656566
66653131323434313432613231363737376565396265356339396539333339373065656239616132
39626164653361323061303464333730626331366237663938623234333732386330363661643334
36303734306563666336653331653534633731626632303131383435386166613433376265663237
35383536653133396539643732386134326562393765373261626439346163313737366363633839
38656362323162373536393365386338626232343638356238336337306364663564346230393064
38616135636663316265383166303136393737636437316133663735323535353635393863613231
64333735613732373566333439663233653438346436373431653266363666653462313632366333
37623539643661333566633638386432306236613633666233323232316230666533656433363566
65343635326161623938303963343264333064373335383266663732313939653035616332333464
31336237316663383938656437383261396262316137623334386630363832666139383539373430
66623261343332323264613562346335326636353764633431333333313938396536666264373133
66333062663465313332393538326639623232626239656335396132393237633533616330396563
33333637383439333532616464396632396165366139613231653662346432663565643464386565
37623930653164643632666438376432336461383137346530623432623037333837303964646130
61346562386465653138336566333239343763633266363735633165343937663337386334346264
38333837303337366364656261343963376465366163313130316638613436323633636537353865
39346431326136396263653937303230393933633437613933363263346563663066363762623830
31323161663639396561656336636233313239653537356265653636386465383763363362663033
39323239653934663963396530353539313838383530356234396562366363373036656331663361
65376265356630373363653130343863343566613930633333663737343635333232383962613761
37333564386230666361396362303732613838613836653035653864386461393062313639326330
61336466386362336336666636376561383437346638613034373134353563333738613031363465
32303034633663333163316435323835386266306363363038626133363537396438353830356637
66383566303730313662346531333263333138303031643765653266653639613163386231306330
33643634343131333835343264643765323330626161653363326631306330663430393038666361
6639
