$ANSIBLE_VAULT;1.1;AES256
32613664323762346535316431633766646335313032323033623730333731323636636538376639
3738313235383763646562636434343338396534653239610a336534373663353334613736366264
32323531343134306639306161323830623332353238393234396662666336623139626536323239
3462323539616136620a623061623563303037306235636366613138633862353161316532316138
65366162623133653038343232303636313937356433376430343433386239313065336233396331
35336332383536343138353731653565626230343938363063633135356338653638356334663639
34663463363133656536366565376337313437303761636130303939363133623564363939653530
35373362336239663564666365353032376431383137333263623530616232626631343739393064
39653531303432353831346431636431373638616138343261303166653066346362386630613032
30663464343137346132343234653631396334366634316433623265323338373636323039346662
64663163303339623633616439333762323937376664383230336634336334396632326633303838
66623635386531343236613261613335326263363937623233366432633462356338333330373762
63333962323133343566356263343230353263336465613537623931346161636333353333366337
39623834313437633533343534376365356432366233623565653330653734363763343934626264
31363030336332343366616138343761636435656439666564306665373831363261396130623831
64646165363565653632653633633738393638663862383634653466343537383865343835306637
38616631613334353563383832636265383537303965626633646639336237633636386631616562
39343265313137333736653839346361656634626135356466653231366438353733666337373265
31356365346363383031616334366464646234333634636566663065363366303939336566653264
65376563376339393563663632303135306631656336653761336332303934653730306632313361
63376665393733643363656237643366616664303138343035303235346635636638356466333739
38373063363361363766633461383430336131343465303838333865363130323963316538653838
63383665313561663362343034333833393534313662366461303432656465653531303134626564
35306539623363386430633362623261363330653364346537363661366236306164386662393932
37343238303662613463303364343963343933643836396131316561336161393662313466613238
37653835353266333538663837363932356466336236313535646236666461653331663532303036
33656363663533333362316666303231306238623830643534616431393735303036646566666235
37613132333633653464623662336333613035643838363866623832383332393663326331393733
31616535666530333133623038353932613437383361626631303436626232366461383364356135
65386561383164623766343764373765363138386239663666393333383063356634393731393733
63333965613930616233613666626430323863373331386436383565323566313332623131626366
33313538386231336135383932656663343161346335623935303063663061313161633962613139
39646437396331376230333261333366303262393362383663616236333861336632613738663039
37393564383061653261623737373933356237663034383362646361643361666435646636366565
62363065633533386662363166303061626438343665353162616166376238373335643039383462
38366162383164643932613939303534386130613434626663356364376532613637623334393062
64653837636534666531633036303462353532373566336133343936616433326137356637303865
62386630393761333263616664616434343461326530333034383334643430653363373136653238
38306630306132353931393564656165666438313731373363636562343763303039323134646336
34633737666634666161366438366232633463653161303036323138396431353635623237383931
64313037313937396466343234323033646436323631326538353132306564343433363033653465
34343439633637313161653739313038383233396166396632366433343661616632323161353439
38643562373333623636353537393363616631636534616632363064376235323430316432626363
65373634636165383266363833306130323162666564636561643765383033316335313338303131
36386261613839396138613134303630366231356436636461393131343733663438316130383136
38653632363332626636646564613631316333643431616366643565356631353362363863373835
66363663343632636533376237383630666663316433666539633637376365333630356637643238
32326332386334616131393564336164613864383862303036613538376237366163643164386437
34323861656562656230386537393662613735373731303535663834626364383665353032333934
39623437376364326531663031366437633763393433613736626539326433326566323431623533
38636439393236323962373733613362333637343561303561626438383064653038646230363266
66636334626165363566383036326566303464656235656566633034613830633038636332373831
65383866316361323637363266363837346666356531363531653930396464353537643438333633
39383162353232336435616432636435663261373632346530396339396333383466306631623439
31383862663766656561373238346332616561643732383633303435306531633133303466383064
63383331343661363136656164313366613630626635346632353636356634623964623931623336
63633736376131313335333462656431383262303736623130353166313330323136376364303333
39326466393734626138646433316138663963656465663135313661626139643163656539313939
66383330626365643836383166646561626339373035376362323638613136353166666661336164
65316261623936376638326464646566303130646335373539383062366437623431393362633733
62376136333431616538336164393961366163333165636264633032616635646164353338333561
66303662323364383531316232396230303032353036373661323864633062346330626436623637
33633638663638656530316135316530663833306666306665366136373166303137353462613538
39636365663631333466303061613336306563633939343339393162336133313863353564353536
65373031656637356330376630316331663030626664383534626536643863396435643031313131
66653064333130363535353535383239353463373333333333343662623739666431373631333064
30373534303032363964376131663937353039353164316562373533343865373039653537643463
64626566633061656538336365316436303363643030306436383830343631646137363039376461
62383333356635343637306437646439393566306366346235653539663135326566643233643566
39616363353666633630316633653434336634616436643834336665643032366161626535333136
62353262366637373866626235636534313937363731373138636230393133653232653164636533
65393563656634343462623537333432316534353630323137356462376530333365613536663261
66623338623034373038633731376161333666373433303566376530653431313362653063396161
35626539613035366430353863306134366361656532366165303832636561633361663038343533
30343161363562356163306332323337633065346134303936643036353139613764303436646437
66643364353236393032616465323130616136303366613265353765653437633639643332326361
65663966663461373732346235366564303332306464613236343964393766353065386136333433
66386534386137383635383461333134393463356465633531643966663330366637623738663938
35376433353938346536383236633633323061323833646231343533316561313138336565666639
61333131353436633864336233386466336165333539363166376433363264343436336233633837
35383038363139313861653364386538383236626261653766353461663835393764333763346339
32393865656232336332373437313637376365626431383264316461656561666531376435326338
32363861393234353664323735346134306336643063653064313464393039316134653136313061
31323036376339383562633864373032666163303133333038663263306237303233633861323537
61323635633734303233613735383566353663313861633561643164626633373033623233356339
33393931363965333432373134326362353531653564656533653637323731646631646665643062
39653932356230623736343066616630303466336266363831656430336236343732313338353632
37626361393135373437336430356130303139633432313030373166396161376263393862326439
31633736396666376438353930306465663066363235633437653537363034646435623938653438
65336632613865633733623164303962366638323830383464343738613433633166333263383464
38316430303637346333396634633336363865343735626134666130646536366365313137656632
66333336663866386634326635366535343564646632303462343032396166623938336362306234
61373738393666323631373166353330373563326631306166336539323137316131623335393866
36333832303161623334346136623964396438356436376635326635616138613439353638366263
39646633616238336335613236303536333866313066373036383161613737663966666261353333
66313533303262313964326161353964323161383964306366396434663638653665643835323635
30643437353339313663616163313762313336626666323736366564333464626665633561336637
36636131353437353362613266376139653138346665666338643832306135393936656434373831
34633763656239313134383139623739323031323732383664626662656436396634333735316133
30356232336133623537633463636463346139643538353965663935303864306132636339306463
35613362343365333836633837383265303436316439323732313638333366363835306361383163
31303233306537343630313161333935616539363164643933393538646261363562313432623830
64653830636265626661373062343838363735306636356239613263363233386463303637343936
33663166366262383838623230303764376261343962653732313232613834313464326635396336
32353139666666323836356164306562653963363833346435616330616330636133613337346531
38393765356633626266653935653731366563373037663130343766383730656634306535653838
63646132663537333066333535346434343366363631353639353233353732636236363137386535
39613130393462393366343937316537393134383631653861653435653566623733623732363932
66336133323634323831376439376439353561323762353064373733373132373636623963323233
39393266383866386362386465393938353632366137363834666435623938326162346631616165
39383933386439363766323366383138323735656435623062346338323366316463313837626566
37323637303238383931356337313630363836393738323463653762383537336161656363623334
36353231333630653361623964623230646531363639616364633134376465343836646466346263
65656531616337313661343933343431343530646331636432613562376436653766663236643330
31316232366536356664353533343235303863356634363634636433353063336133356232336437
37653766623030623738346134616561653433306333353830353239336437626133663939663165
62353961393632623633313762306565636238383131373063666131373664643538643361366435
33653538303261323438613935326565666537356364316438396233383962646662346466643236
64663831366363323463383664633161393561333463656335363464363962323564396662656233
66306230613730353132663163313837623662366663623465353539616661376236303332336338
66306432623266653962343731383839616363393663623233373130656637363565613863663662
63353464663764666366653735633465376565656336383766646138356538316238643435373564
62396230306239646364653131353338613364313362376538643463323162333335306264626336
64366231353436383262386134353462313733363531333334613966636232323461666666373661
65626236623763353964613566393765323662643661303130623438613831333462366532333665
36616635353430373633303834346234363934353837373561616134323465303430623434366665
37613435306233396666613962356539656239323035616131366535396134623235386639666463
65653233326137346166313761643561366239646634633531666562623666633065396439633664
31666266343033313665343630366635363332366463643133326563633131343339336166663330
38303662646463336261353832373530323663663333326130313836386561376136303764653235
35636132623634323135623466373533623961643433376131663738383330343463396362396466
61663431346332653563623264636638383136353637643732393937356538623065666232343539
35343932663764366138306231326630396134623133303964316263366662346432323465323331
35663561356635373965653735613830626466666533306431383965396233666538663237666263
30633030363665333836376364333662303138393039356135636431633563366465366461333266
33656236313366633262346533663666313530336438633233626365626534633431623435633232
32386364643861376232303038346438346535626532643833306466336231366461643166623363
65626333613063323430356362346138396266666231356661653736323439623637623161376539
653730333566663866626663386261326639
